72545
72546
72547
72548
72549
72550
72551
72552
72553
72554
72556
72557
72558
72559
72560
72561
72562
72563
72564
72566
72567
72568
72569
72570
72571
72572
72573
72575
72576
72577
72578
72579
72580
72581
72582
72583
72585
72586
72587
72588
72589
72590
72591
72592
72594
72595
72596
72597
72598
72599
72600
72601
72602
72604
72605
72606
72607
72608
72609
72610
72611
72613
72614
72615
72616
72617
72618
72619
72620
72622
72623
72624
72625
72626
72627
72628
72629
72630
72632
72633
72634
72635
72636
72637
72638
72639
72641
72642
72643
72644
72645
72646
72647
72648
72650
72651
72652
72653
72654
72655
72656
72657
72659
72660
72661
72662
72663
72664
72665
72666
72668
72669
72670
72671
72672
72673
72674
72675
72676
72678
72679
72680
72681
72682
72683
72684
72685
72687
72688
72689
72690
72691
72692
72693
72694
72696
72697
72698
72699
