-845098106
-845098108
-845098110
-845098111
-845098112
-845098113
-845098113
-845098113
-845098114
-845098114
-845098115
-845098114
-845098113
-845098112
-845098112
-845098111
-845098110
-845098109
-845098108
-845098106
-845098106
-845098107
-845098107
-845098124
-845098146
-845098189
-845098216
-845098191
-845098167
-845098150
-845098150
-845098155
-845098157
-845098143
-845098130
-845098125
-845098113
-845098105
-845098095
-845098103
-845098120
-845098152
-845098180
-845098218
-845098276
-845098307
-845098329
-845098355
-845098359
-845098381
-845098399
-845098411
-845098453
-845098589
-845098636
-845098694
-845098749
-845098806
-845098872
-845098940
-845099001
-845099148
-845099236
-845099321
-845099416
-845099501
-845099564
-845099644
-845099703
-845099831
-845099883
-845099939
-845100001
-845100085
-845100158
-845100204
-845100197
-845100168
-845100092
-845100058
-845100054
-845100077
-845100093
-845100093
-845100072
-845100037
-845099933
-845099876
-845099825
-845099767
-845099703
-845099638
-845099571
-845099508
-845099391
-845099329
-845099264
-845099197
-845099140
-845099120
-845099091
-845099039
-845098928
-845098880
-845098837
-845098795
-845098747
-845098701
-845098657
-845098636
-845098632
-845098631
-845098630
-845098629
-845098626
-845098611
-845098577
-845098527
-845098468
-845098354
-845098348
-845098384
-845098420
-845098434
-845098433
-845098427
-845098402
-845098324
-845098261
-845098202
-845098123
-845098050
-845097983
-845097925
-845097879
-845097880
-845097882
-845097883
-845097883
