380270696
380270695
380270693
380270692
380270688
380270685
380270682
380270680
380270676
380270674
380270672
380270671
380270672
380270673
380270673
380270673
380270674
380270673
380270672
380270670
380270669
380270665
380270662
380270664
380270666
380270671
380270671
380270647
380270641
380270647
380270646
380270644
380270640
380270651
380270686
380270738
380270871
380270949
380271027
380271096
380271163
380271212
380271263
380271304
380271364
380271388
380271420
380271441
380271474
380271494
380271513
380271533
380271548
380271544
380271537
380271531
380271537
380271551
380271563
380271580
380271606
380271650
380271667
380271676
380271685
380271683
380271684
380271675
380271678
380271668
380271656
380271632
380271601
380271576
380271566
380271564
380271570
380271575
380271581
380271591
380271602
380271593
380271562
380271524
380271470
380271414
380271317
380271274
380271231
380271178
380271137
380271095
380271051
380271009
380270931
380270892
380270849
380270808
380270776
380270763
380270748
380270728
380270679
380270648
380270617
380270589
380270566
380270552
380270542
380270543
380270539
380270537
380270536
380270535
380270533
380270534
380270543
380270556
380270568
380270572
380270578
380270598
380270622
380270631
380270634
380270634
380270622
380270605
380270612
380270621
380270626
380270629
380270631
380270632
380270631
380270633
380270636
380270638
380270639
